coca cola.4592.jsonkristoffer
328579456853757955	1
328579420908580864	3
328579320664702978	3
328579319704207360	-2
328579183347367937	-1
328579112081965058	3
328579020771975168	0
328578960696938496	3
328578935686299648	1
328578918728757248	1
328578868309024769	3
328578704936669184	-1
328578670748913664	0
328578601853263873	2
328578571696209920	3
328578554969337859	2
328578463646765056	1
328578423951872000	3
328578351298121728	3
328578322365812737	3
328578314971262976	2
328578211661365249	0
328578098650030081	3
328578069130526720	2
328577970451144704	2
328577866788909057	3
328577864758861828	1
328577810459398145	1
328577772765196288	1
328577641856761857	3
328577628757962752	3
328577613985624064	2
328577610311401472	3
328577606406529027	1
328577606377148417	2
328577603927674883	1
328577532477718528	3
328577473564516352	1
328577383357612034	-2
328577357894021120	3
328577329850892291	3
328577303426760705	1
328577191606620160	1
328577184509878273	3
328577109033361409	1
328576976459804674	-2
328576918368694272	1
328576725447487488	-1
328576651019575297	-1
328576630379388932	1
328576595998683137	2
328576504814501888	3
328576463303503873	2
328576347716845568	2
328576289025966082	2
328576184818470912	1
328576179466551296	1
328576175209320449	1
328576109660741633	1
328576060641902593	-2
328576034356211712	0
328576017704841216	0
328575979117236225	-2
328575948683374592	-1
328575886997741569	3
328575874767138817	1
328575860435214339	2
328575851304210432	0
328575788469342208	2
328575763307700224	2
328575702863577088	3
328575664045314048	1
328575586261938176	2
328575585053986816	2
328575560009781249	0
328575507878793217	1
328575484403253249	2
328575475536523265	-2
328575427947933696	1
328575386826973185	0
328575383882575873	3
328575136041168896	-1
328575093271834624	0
328575066562494464	1
328575039031099393	3
328575011730378752	2
328574887679631363	-1
328574850207719424	2
328574848408375296	0
328574775452647424	1
328574742074380288	2
328574674709643265	-1
328574633941008384	1
328574407939342336	2
328574406362275841	3
328574363391639554	2
328574350733242371	3
328574335633735680	3
328574266071216128	3
328574167962243072	3
328574095476277249	0
coca cola.4592.jsonludwig
328579456853757955	0
328579420908580864	2
328579320664702978	3
328579319704207360	-2
328579183347367937	-2
328579112081965058	0
328579020771975168	0
328578960696938496	1
328578935686299648	1
328578918728757248	2
328578868309024769	3
328578704936669184	1
328578670748913664	1
328578601853263873	2
328578571696209920	3
328578554969337859	2
328578463646765056	3
328578423951872000	3
328578351298121728	3
328578322365812737	2
328578314971262976	3
328578211661365249	0
328578098650030081	0
328578069130526720	2
328577970451144704	3
328577866788909057	3
328577864758861828	0
328577810459398145	0
328577772765196288	0
328577641856761857	2
328577628757962752	3
328577613985624064	2
328577610311401472	3
328577606406529027	2
328577606377148417	3
328577603927674883	0
328577532477718528	0
328577473564516352	0
328577383357612034	-2
328577357894021120	3
328577329850892291	3
328577303426760705	0
328577191606620160	0
328577184509878273	3
328577109033361409	2
328576976459804674	-2
328576918368694272	-2
328576725447487488	0
328576651019575297	-2
328576630379388932	0
328576595998683137	3
328576504814501888	3
328576463303503873	0
328576347716845568	3
328576289025966082	3
328576184818470912	0
328576179466551296	3
328576175209320449	0
328576109660741633	0
328576060641902593	-2
328576034356211712	0
328576017704841216	0
328575979117236225	-2
328575948683374592	-2
328575886997741569	3
328575874767138817	0
328575860435214339	3
328575851304210432	0
328575788469342208	3
328575763307700224	3
328575702863577088	3
328575664045314048	0
328575586261938176	0
328575585053986816	3
328575560009781249	0
328575507878793217	0
328575484403253249	3
328575475536523265	-2
328575427947933696	0
328575386826973185	0
328575383882575873	3
328575136041168896	0
328575093271834624	0
328575066562494464	0
328575039031099393	3
328575011730378752	3
328574887679631363	3
328574850207719424	3
328574848408375296	3
328574775452647424	3
328574742074380288	3
328574674709643265	3
328574633941008384	0
328574407939342336	-2
328574406362275841	3
328574363391639554	0
328574350733242371	3
328574335633735680	3
328574266071216128	3
328574167962243072	3
328574095476277249	0
coca cola.4592.jsonromain
328579456853757955	0
328579420908580864	2
328579320664702978	3
328579319704207360	-2
328579183347367937	-2
328579112081965058	0
328579020771975168	3
328578960696938496	3
328578935686299648	0
328578918728757248	3
328578868309024769	3
328578704936669184	1
328578670748913664	0
328578601853263873	2
328578571696209920	3
328578554969337859	1
328578463646765056	3
328578423951872000	3
328578351298121728	3
328578322365812737	3
328578314971262976	3
328578211661365249	2
328578098650030081	3
328578069130526720	-2
328577970451144704	3
328577866788909057	3
328577864758861828	0
328577810459398145	0
328577772765196288	0
328577641856761857	3
328577628757962752	3
328577613985624064	3
328577610311401472	3
328577606406529027	0
328577606377148417	-1
328577603927674883	0
328577532477718528	0
328577473564516352	0
328577383357612034	3
328577357894021120	3
328577329850892291	3
328577303426760705	0
328577191606620160	0
328577184509878273	3
328577109033361409	3
328576976459804674	0
328576918368694272	-2
328576725447487488	-2
328576651019575297	-2
328576630379388932	0
328576595998683137	0
328576504814501888	3
328576463303503873	3
328576347716845568	2
328576289025966082	2
328576184818470912	0
328576179466551296	0
328576175209320449	0
328576109660741633	3
328576060641902593	0
328576034356211712	3
328576017704841216	0
328575979117236225	-2
328575948683374592	-2
328575886997741569	3
328575874767138817	0
328575860435214339	0
328575851304210432	0
328575788469342208	0
328575763307700224	0
328575702863577088	3
328575664045314048	3
328575586261938176	3
328575585053986816	0
328575560009781249	0
328575507878793217	0
328575484403253249	3
328575475536523265	-2
328575427947933696	3
328575386826973185	0
328575383882575873	3
328575136041168896	0
328575093271834624	-2
328575066562494464	-2
328575039031099393	3
328575011730378752	2
328574887679631363	0
328574850207719424	2
328574848408375296	0
328574775452647424	0
328574742074380288	-2
328574674709643265	0
328574633941008384	3
328574407939342336	3
328574406362275841	3
328574363391639554	-2
328574350733242371	3
328574335633735680	3
328574266071216128	0
328574167962243072	3
328574095476277249	0
coca cola.4592.jsonthibaut
No existing file for this rater
costco.7164.jsonkristoffer
328574770285256706	1
328574762500620289	3
328574700789833728	-1
328574694372552706	3
328574690727698433	3
328574680200003584	3
328574670729277440	-1
328574647639617537	3
328574622213754880	2
328574608271867904	3
328574583286427649	1
328574569222897664	3
328574558141558784	-1
328574523131703297	1
328574522133450753	0
328574516328542210	1
328574515120586752	3
328574402092478466	0
328574371968974849	0
328574364452798464	0
328574350963924993	0
328574306898546688	2
328574305828999169	3
328574285989937153	3
328574247922462720	2
328574231862464512	0
328574173335130112	1
328574141689126912	3
328574121426436098	0
328574112970715139	0
328574110307332097	-1
328574069584830465	3
328574055634583553	0
328574055336800256	0
328574030305189888	3
328574027402723328	3
328574013859328001	0
328573998323597314	3
328573951909437440	2
328573945924169729	3
328573923891490817	3
328573886897725440	3
328573880883097601	3
328573870208610306	3
328573858661670913	1
328573858410012672	1
328573815082864642	2
328573773425016832	2
328573767062278146	3
328573763916541952	3
328573700167327744	1
328573687462785026	-2
328573678054940673	3
328573617178824705	-2
328573600825233409	2
328573594198224896	3
328573587281833985	1
328573550468415489	3
328573536916631553	3
328573532915249152	-2
328573481589551104	3
328573473846870016	1
328573418129739776	3
328573405064462336	3
328573379919630337	1
328573336982528000	3
328573233295138816	0
328573210280984576	0
328573205562396674	1
328573170875506688	3
328573166186283008	1
328573164500185089	1
328573149362925569	3
328573137224605697	0
328573118471880704	0
328573104966225921	0
328573074112921600	3
328573055775408128	3
328573054311604225	0
328573010002980864	3
328572992001044480	3
328572963928555520	3
328572919875784704	2
328572906542075906	0
328572887223115777	0
328572885000130560	3
328572861629464576	-1
328572850405511169	2
328572755966582784	0
328572714124206080	0
328572645517963264	2
328572609396604928	1
328572598613053440	1
328572557118799872	3
328572520527704065	3
328572510020976641	1
328572434494144512	1
328572420657135616	2
328572417020682240	2
328572406669131776	1
328572401560481793	1
costco.7164.jsonludwig
328574770285256706	-1
328574762500620289	3
328574700789833728	-2
328574694372552706	3
328574690727698433	3
328574680200003584	3
328574670729277440	-2
328574647639617537	3
328574622213754880	0
328574608271867904	3
328574583286427649	3
328574569222897664	3
328574558141558784	-2
328574523131703297	3
328574522133450753	0
328574516328542210	0
328574515120586752	3
328574402092478466	0
328574371968974849	2
328574364452798464	-1
328574350963924993	0
328574306898546688	3
328574305828999169	3
328574285989937153	0
328574247922462720	3
328574231862464512	0
328574173335130112	3
328574141689126912	3
328574121426436098	3
328574112970715139	0
328574110307332097	-1
328574069584830465	3
328574055634583553	0
328574055336800256	0
328574030305189888	3
328574027402723328	3
328574013859328001	3
328573998323597314	3
328573951909437440	3
328573945924169729	3
328573923891490817	3
328573886897725440	3
328573880883097601	3
328573870208610306	3
328573858661670913	3
328573858410012672	0
328573815082864642	3
328573773425016832	3
328573767062278146	0
328573763916541952	3
328573700167327744	1
328573687462785026	-2
328573678054940673	3
328573617178824705	-2
328573600825233409	0
328573594198224896	3
328573587281833985	3
328573550468415489	3
328573536916631553	3
328573532915249152	-2
328573481589551104	3
328573473846870016	-2
328573418129739776	3
328573405064462336	3
328573379919630337	3
328573336982528000	3
328573233295138816	-2
328573210280984576	0
328573205562396674	3
328573170875506688	3
328573166186283008	3
328573164500185089	0
328573149362925569	3
328573137224605697	0
328573118471880704	0
328573104966225921	0
328573074112921600	3
328573055775408128	3
328573054311604225	0
328573010002980864	3
328572992001044480	3
328572963928555520	3
328572919875784704	-2
328572906542075906	2
328572887223115777	0
328572885000130560	3
328572861629464576	0
328572850405511169	3
328572755966582784	3
328572714124206080	3
328572645517963264	3
328572609396604928	3
328572598613053440	3
328572557118799872	3
328572520527704065	3
328572510020976641	3
328572434494144512	-1
328572420657135616	3
328572417020682240	3
328572406669131776	2
328572401560481793	3
328572387136249857	3
costco.7164.jsonromain
328574770285256706	-1
328574762500620289	3
328574700789833728	-2
328574694372552706	3
328574690727698433	3
328574680200003584	0
328574670729277440	-1
328574647639617537	3
328574622213754880	1
328574608271867904	3
328574583286427649	0
328574569222897664	3
328574558141558784	-2
328574523131703297	-2
328574522133450753	0
328574516328542210	3
328574515120586752	3
328574402092478466	0
328574371968974849	0
328574364452798464	-1
328574350963924993	0
328574306898546688	3
328574305828999169	3
328574285989937153	0
328574247922462720	3
328574231862464512	0
328574173335130112	-1
328574141689126912	2
328574121426436098	0
328574112970715139	0
328574110307332097	-2
328574069584830465	3
328574055634583553	0
328574055336800256	0
328574030305189888	3
328574027402723328	3
328574013859328001	0
328573998323597314	2
328573951909437440	2
328573945924169729	0
328573923891490817	3
328573886897725440	0
328573880883097601	3
328573870208610306	3
328573858661670913	0
328573858410012672	1
328573815082864642	1
328573773425016832	-2
328573767062278146	-1
328573763916541952	0
328573700167327744	-2
328573687462785026	-1
328573678054940673	2
328573617178824705	-2
328573600825233409	0
328573594198224896	0
328573587281833985	0
328573550468415489	3
328573536916631553	1
328573532915249152	-1
328573481589551104	0
328573473846870016	-2
328573418129739776	3
328573405064462336	3
328573379919630337	0
328573336982528000	2
328573233295138816	0
328573210280984576	0
328573205562396674	3
328573170875506688	3
328573166186283008	-1
328573164500185089	0
328573149362925569	3
328573137224605697	-2
328573118471880704	-1
328573104966225921	-2
328573074112921600	3
328573055775408128	3
328573054311604225	0
328573010002980864	0
328572992001044480	2
328572963928555520	3
328572919875784704	3
328572906542075906	0
328572887223115777	0
328572885000130560	3
328572861629464576	-2
328572850405511169	2
328572755966582784	0
328572714124206080	0
328572645517963264	3
328572609396604928	0
328572598613053440	0
328572557118799872	3
328572520527704065	3
328572510020976641	3
328572434494144512	0
328572420657135616	3
328572417020682240	3
328572406669131776	0
328572401560481793	3
costco.7164.jsonthibaut
No existing file for this rater
disney.7403.jsonkristoffer
328576867743461376	0
328576867005235200	3
328576865876971523	0
328576865784709120	0
328576858864107520	2
328576857882640385	0
328576857748422656	2
328576855575773185	3
328576850945249280	0
328576850437750786	0
328576849376575488	2
328576846906146817	1
328576839201198080	0
328576838236520448	3
328576835833184257	2
328576834755235842	2
328576829520769024	3
328576826857361408	-2
328576821966819328	1
328576821060841472	2
328576819055972352	3
328576816078024704	1
328576814060539904	0
328576809593618434	0
328576808087859200	3
328576807668428800	0
328576805818740737	0
328576804581433345	2
328576801574105090	0
328576798688428032	3
328576798105432064	1
328576790777958401	3
328576786873057282	3
328576785459580929	-1
328576785400864768	0
328576777901457408	3
328576777125507073	0
328576776257277954	1
328576770402050049	3
328576764488069120	3
328576763334631425	0
328576761568825349	3
328576760377647104	1
328576758414725121	1
328576758230167554	0
328576752706256896	3
328576751074676736	0
328576750885941249	2
328576750588149760	1
328576750047084545	0
328576748017041408	0
328576747874422787	0
328576747832483840	1
328576745798254592	3
328576744120524802	3
328576743726256129	1
328576734628818944	2
328576731134955521	3
328576730367401984	0
328576724881256448	2
328576723249676290	0
328576723195138048	0
328576722243026944	-2
328576722234667008	1
328576720519172097	1
328576718640132096	0
328576717323112448	1
328576716094177280	1
328576711757266944	3
328576710209585152	2
328576709207146497	3
328576708502515712	3
328576707911090176	1
328576707550392320	1
328576705453244416	3
328576704857645057	1
328576702278156288	3
328576701237956608	0
328576695818936320	0
328576691247149057	3
328576690907381760	2
328576690433425410	3
328576686855684097	1
328576686834733056	3
328576683173101569	3
328576676927782912	0
328576675384274945	3
328576669013118976	3
328576668644028416	1
328576666458787840	0
328576661559836672	3
328576658657406976	0
328576656245673984	3
328576654488256512	1
328576648339398656	0
328576647919972352	0
328576645827031041	0
328576636490498048	0
328576635156721664	2
328576633713860608	3
328576633218940928	0
disney.7403.jsonludwig
328576867743461376	3
328576867005235200	3
328576865876971523	0
328576865784709120	3
328576858864107520	2
328576857882640385	2
328576857748422656	3
328576855575773185	3
328576850945249280	3
328576850437750786	3
328576849376575488	3
328576846906146817	0
328576839201198080	3
328576838236520448	3
328576835833184257	3
328576834755235842	3
328576829520769024	3
328576826857361408	0
328576821966819328	3
328576821060841472	3
328576819055972352	3
328576816078024704	1
328576814060539904	3
328576809593618434	1
328576808087859200	3
328576807668428800	3
328576805818740737	3
328576804581433345	3
328576801574105090	3
328576798688428032	3
328576798105432064	3
328576790777958401	3
328576786873057282	3
328576785459580929	3
328576785400864768	2
328576777901457408	3
328576777125507073	1
328576776257277954	0
328576770402050049	3
328576764488069120	3
328576763334631425	2
328576761568825349	3
328576760377647104	0
328576758414725121	3
328576758230167554	3
328576752706256896	3
328576751074676736	2
328576750885941249	3
328576750588149760	3
328576750047084545	1
328576748017041408	1
328576747874422787	3
328576747832483840	-1
328576745798254592	3
328576744120524802	3
328576743726256129	3
328576734628818944	3
328576731134955521	3
328576730367401984	2
328576724881256448	3
328576723249676290	2
328576723195138048	2
328576722243026944	-2
328576722234667008	2
328576720519172097	2
328576718640132096	1
328576717323112448	1
328576716094177280	3
328576711757266944	3
328576710209585152	3
328576709207146497	2
328576708502515712	2
328576707911090176	1
328576707550392320	2
328576705453244416	3
328576704857645057	1
328576702278156288	3
328576701237956608	2
328576695818936320	1
328576691247149057	3
328576690907381760	3
328576690433425410	3
328576686855684097	2
328576686834733056	3
328576683173101569	3
328576676927782912	3
328576675384274945	3
328576669013118976	3
328576668644028416	2
328576666458787840	3
328576661559836672	3
328576658657406976	2
328576656245673984	3
328576654488256512	1
328576648339398656	0
328576647919972352	2
328576645827031041	2
328576636490498048	1
328576635156721664	1
328576633713860608	3
328576633218940928	2
328576627984441344	2
328576625467850754	3
disney.7403.jsonromain
328576867743461376	0
328576867005235200	0
328576865876971523	2
328576865784709120	1
328576858864107520	0
328576857882640385	0
328576857748422656	0
328576855575773185	3
328576850945249280	0
328576850437750786	0
328576849376575488	0
328576846906146817	0
328576839201198080	0
328576838236520448	3
328576835833184257	3
328576834755235842	0
328576829520769024	3
328576826857361408	-2
328576821966819328	1
328576821060841472	0
328576819055972352	3
328576816078024704	0
328576814060539904	0
328576809593618434	0
328576808087859200	3
328576807668428800	3
328576805818740737	0
328576804581433345	0
328576801574105090	0
328576798688428032	1
328576798105432064	0
328576790777958401	2
328576786873057282	3
328576785459580929	0
328576785400864768	0
328576777901457408	3
328576777125507073	0
328576776257277954	-1
328576770402050049	3
328576764488069120	2
328576763334631425	0
328576761568825349	3
328576760377647104	0
328576758414725121	0
328576758230167554	0
328576752706256896	3
328576751074676736	0
328576750885941249	3
328576750588149760	1
328576750047084545	1
328576748017041408	-1
328576747874422787	0
328576747832483840	-2
328576745798254592	3
328576744120524802	3
328576743726256129	0
328576734628818944	2
328576731134955521	3
328576730367401984	3
328576724881256448	2
328576723249676290	0
328576723195138048	0
328576722243026944	-2
328576722234667008	0
328576720519172097	0
328576718640132096	-1
328576717323112448	0
328576716094177280	0
328576711757266944	-1
328576710209585152	0
328576709207146497	3
328576708502515712	-2
328576707911090176	0
328576707550392320	0
328576705453244416	3
328576704857645057	0
328576702278156288	2
328576701237956608	0
328576695818936320	0
328576691247149057	3
328576690907381760	0
328576690433425410	3
328576686855684097	-2
328576686834733056	3
328576683173101569	3
328576676927782912	0
328576675384274945	3
328576669013118976	3
328576668644028416	0
328576666458787840	0
328576661559836672	1
328576658657406976	0
328576656245673984	0
328576654488256512	0
328576648339398656	0
328576647919972352	0
328576645827031041	0
328576636490498048	0
328576635156721664	1
328576633713860608	3
328576633218940928	2
328576627984441344	0
328576625467850754	-2
328576620073988096	0
328576619755212801	0
328576611102380032	0
disney.7403.jsonthibaut
No existing file for this rater
